 1.00000000e+00 -2.78443221e+01  4.00231939e-08  1.00000000e+00  2.88947330e+01  1.00000000e+00  1.80000000e+02 
 1.25892541e+00 -2.78443221e+01  5.03862159e-08  1.25892541e+00  2.88947330e+01  1.25892541e+00  1.80000000e+02 
 1.58489319e+00 -2.78443221e+01  6.34324876e-08  1.58489319e+00  2.88947330e+01  1.58489319e+00  1.80000000e+02 
 1.99526231e+00 -2.78443221e+01  7.98567706e-08  1.99526231e+00  2.88947330e+01  1.99526231e+00  1.80000000e+02 
 2.51188643e+00 -2.78443221e+01  1.00533718e-07  2.51188643e+00  2.88947330e+01  2.51188643e+00  1.80000000e+02 
 3.16227766e+00 -2.78443221e+01  1.26564452e-07  3.16227766e+00  2.88947330e+01  3.16227766e+00  1.80000000e+02 
 3.98107171e+00 -2.78443221e+01  1.59335205e-07  3.98107171e+00  2.88947330e+01  3.98107171e+00  1.80000000e+02 
 5.01187234e+00 -2.78443221e+01  2.00591138e-07  5.01187234e+00  2.88947330e+01  5.01187234e+00  1.80000000e+02 
 6.30957344e+00 -2.78443221e+01  2.52529282e-07  6.30957344e+00  2.88947330e+01  6.30957344e+00  1.79999999e+02 
 7.94328235e+00 -2.78443221e+01  3.17915530e-07  7.94328235e+00  2.88947330e+01  7.94328235e+00  1.79999999e+02 
 1.00000000e+01 -2.78443221e+01  4.00231939e-07  1.00000000e+01  2.88947330e+01  1.00000000e+01  1.79999999e+02 
 1.25892541e+01 -2.78443221e+01  5.03862159e-07  1.25892541e+01  2.88947330e+01  1.25892541e+01  1.79999999e+02 
 1.58489319e+01 -2.78443221e+01  6.34324876e-07  1.58489319e+01  2.88947330e+01  1.58489319e+01  1.79999999e+02 
 1.99526231e+01 -2.78443221e+01  7.98567706e-07  1.99526231e+01  2.88947330e+01  1.99526231e+01  1.79999998e+02 
 2.51188643e+01 -2.78443221e+01  1.00533718e-06  2.51188643e+01  2.88947330e+01  2.51188643e+01  1.79999998e+02 
 3.16227766e+01 -2.78443221e+01  1.26564452e-06  3.16227766e+01  2.88947330e+01  3.16227766e+01  1.79999997e+02 
 3.98107171e+01 -2.78443221e+01  1.59335205e-06  3.98107171e+01  2.88947330e+01  3.98107171e+01  1.79999997e+02 
 5.01187234e+01 -2.78443221e+01  2.00591138e-06  5.01187234e+01  2.88947330e+01  5.01187234e+01  1.79999996e+02 
 6.30957344e+01 -2.78443221e+01  2.52529282e-06  6.30957344e+01  2.88947330e+01  6.30957344e+01  1.79999995e+02 
 7.94328235e+01 -2.78443221e+01  3.17915530e-06  7.94328235e+01  2.88947330e+01  7.94328235e+01  1.79999993e+02 
 1.00000000e+02 -2.78443221e+01  4.00231939e-06  1.00000000e+02  2.88947330e+01  1.00000000e+02  1.79999992e+02 
 1.25892541e+02 -2.78443221e+01  5.03862159e-06  1.25892541e+02  2.88947330e+01  1.25892541e+02  1.79999990e+02 
 1.58489319e+02 -2.78443221e+01  6.34324876e-06  1.58489319e+02  2.88947330e+01  1.58489319e+02  1.79999987e+02 
 1.99526231e+02 -2.78443221e+01  7.98567706e-06  1.99526231e+02  2.88947330e+01  1.99526231e+02  1.79999984e+02 
 2.51188643e+02 -2.78443221e+01  1.00533718e-05  2.51188643e+02  2.88947330e+01  2.51188643e+02  1.79999979e+02 
 3.16227766e+02 -2.78443221e+01  1.26564452e-05  3.16227766e+02  2.88947330e+01  3.16227766e+02  1.79999974e+02 
 3.98107171e+02 -2.78443221e+01  1.59335205e-05  3.98107171e+02  2.88947330e+01  3.98107171e+02  1.79999967e+02 
 5.01187234e+02 -2.78443221e+01  2.00591138e-05  5.01187234e+02  2.88947330e+01  5.01187234e+02  1.79999959e+02 
 6.30957344e+02 -2.78443221e+01  2.52529282e-05  6.30957344e+02  2.88947330e+01  6.30957344e+02  1.79999948e+02 
 7.94328235e+02 -2.78443221e+01  3.17915530e-05  7.94328235e+02  2.88947330e+01  7.94328235e+02  1.79999935e+02 
 1.00000000e+03 -2.78443221e+01  4.00231939e-05  1.00000000e+03  2.88947330e+01  1.00000000e+03  1.79999918e+02 
 1.25892541e+03 -2.78443221e+01  5.03862159e-05  1.25892541e+03  2.88947330e+01  1.25892541e+03  1.79999896e+02 
 1.58489319e+03 -2.78443221e+01  6.34324876e-05  1.58489319e+03  2.88947330e+01  1.58489319e+03  1.79999869e+02 
 1.99526231e+03 -2.78443221e+01  7.98567706e-05  1.99526231e+03  2.88947330e+01  1.99526231e+03  1.79999836e+02 
 2.51188643e+03 -2.78443221e+01  1.00533718e-04  2.51188643e+03  2.88947330e+01  2.51188643e+03  1.79999793e+02 
 3.16227766e+03 -2.78443221e+01  1.26564452e-04  3.16227766e+03  2.88947330e+01  3.16227766e+03  1.79999740e+02 
 3.98107171e+03 -2.78443221e+01  1.59335205e-04  3.98107171e+03  2.88947330e+01  3.98107171e+03  1.79999672e+02 
 5.01187234e+03 -2.78443221e+01  2.00591138e-04  5.01187234e+03  2.88947330e+01  5.01187234e+03  1.79999587e+02 
 6.30957344e+03 -2.78443221e+01  2.52529282e-04  6.30957344e+03  2.88947330e+01  6.30957344e+03  1.79999480e+02 
 7.94328235e+03 -2.78443221e+01  3.17915530e-04  7.94328235e+03  2.88947330e+01  7.94328235e+03  1.79999346e+02 
 1.00000000e+04 -2.78443221e+01  4.00231939e-04  1.00000000e+04  2.88947330e+01  1.00000000e+04  1.79999176e+02 
 1.25892541e+04 -2.78443221e+01  5.03862159e-04  1.25892541e+04  2.88947330e+01  1.25892541e+04  1.79998963e+02 
 1.58489319e+04 -2.78443221e+01  6.34324876e-04  1.58489319e+04  2.88947330e+01  1.58489319e+04  1.79998695e+02 
 1.99526231e+04 -2.78443220e+01  7.98567705e-04  1.99526231e+04  2.88947330e+01  1.99526231e+04  1.79998357e+02 
 2.51188643e+04 -2.78443220e+01  1.00533718e-03  2.51188643e+04  2.88947330e+01  2.51188643e+04  1.79997931e+02 
 3.16227766e+04 -2.78443220e+01  1.26564452e-03  3.16227766e+04  2.88947330e+01  3.16227766e+04  1.79997396e+02 
 3.98107171e+04 -2.78443220e+01  1.59335204e-03  3.98107171e+04  2.88947330e+01  3.98107171e+04  1.79996721e+02 
 5.01187234e+04 -2.78443219e+01  2.00591138e-03  5.01187234e+04  2.88947330e+01  5.01187234e+04  1.79995872e+02 
 6.30957344e+04 -2.78443219e+01  2.52529280e-03  6.30957344e+04  2.88947329e+01  6.30957344e+04  1.79994804e+02 
 7.94328235e+04 -2.78443217e+01  3.17915526e-03  7.94328235e+04  2.88947329e+01  7.94328235e+04  1.79993458e+02 
 1.00000000e+05 -2.78443215e+01  4.00231932e-03  1.00000000e+05  2.88947329e+01  1.00000000e+05  1.79991764e+02 
 1.25892541e+05 -2.78443212e+01  5.03862145e-03  1.25892541e+05  2.88947329e+01  1.25892541e+05  1.79989632e+02 
 1.58489319e+05 -2.78443207e+01  6.34324848e-03  1.58489319e+05  2.88947328e+01  1.58489319e+05  1.79986947e+02 
 1.99526231e+05 -2.78443200e+01  7.98567650e-03  1.99526231e+05  2.88947327e+01  1.99526231e+05  1.79983568e+02 
 2.51188643e+05 -2.78443187e+01  1.00533707e-02  2.51188643e+05  2.88947325e+01  2.51188643e+05  1.79979313e+02 
 3.16227766e+05 -2.78443167e+01  1.26564430e-02  3.16227766e+05  2.88947322e+01  3.16227766e+05  1.79973957e+02 
 3.98107171e+05 -2.78443136e+01  1.59335161e-02  3.98107171e+05  2.88947318e+01  3.98107171e+05  1.79967213e+02 
 5.01187234e+05 -2.78443087e+01  2.00591050e-02  5.01187234e+05  2.88947311e+01  5.01187234e+05  1.79958724e+02 
 6.30957344e+05 -2.78443009e+01  2.52529106e-02  6.30957344e+05  2.88947299e+01  6.30957344e+05  1.79948037e+02 
 7.94328235e+05 -2.78442885e+01  3.17915179e-02  7.94328235e+05  2.88947281e+01  7.94328235e+05  1.79934582e+02 
 1.00000000e+06 -2.78442688e+01  4.00231239e-02  1.00000000e+06  2.88947253e+01  1.00000000e+06  1.79917644e+02 
 1.25892541e+06 -2.78442377e+01  5.03860762e-02  1.25892541e+06  2.88947209e+01  1.25892541e+06  1.79896319e+02 
 1.58489319e+06 -2.78441883e+01  6.34322088e-02  1.58489319e+06  2.88947138e+01  1.58489319e+06  1.79869474e+02 
 1.99526231e+06 -2.78441101e+01  7.98562143e-02  1.99526231e+06  2.88947026e+01  1.99526231e+06  1.79835678e+02 
 2.51188643e+06 -2.78439861e+01  1.00532608e-01  2.51188643e+06  2.88946848e+01  2.51188643e+06  1.79793131e+02 
 3.16227766e+06 -2.78437895e+01  1.26562238e-01  3.16227766e+06  2.88946566e+01  3.16227766e+06  1.79739567e+02 
 3.98107171e+06 -2.78434781e+01  1.59330786e-01  3.98107171e+06  2.88946119e+01  3.98107171e+06  1.79672136e+02 
 5.01187234e+06 -2.78429844e+01  2.00582322e-01  5.01187234e+06  2.88945411e+01  5.01187234e+06  1.79587245e+02 
 6.30957344e+06 -2.78422021e+01  2.52511692e-01  6.30957344e+06  2.88944288e+01  6.30957344e+06  1.79480377e+02 
 7.94328235e+06 -2.78409623e+01  3.17880435e-01  7.94328235e+06  2.88942510e+01  7.94328235e+06  1.79345841e+02 
 1.00000000e+07 -2.78389975e+01  4.00161920e-01  1.00000000e+07  2.88939691e+01  1.00000000e+07  1.79176479e+02 
 1.25892541e+07 -2.78358840e+01  5.03722467e-01  1.25892541e+07  2.88935223e+01  1.25892541e+07  1.78963280e+02 
 1.58489319e+07 -2.78309508e+01  6.34046198e-01  1.58489319e+07  2.88928144e+01  1.58489319e+07  1.78694910e+02 
 1.99526231e+07 -2.78231355e+01  7.98011811e-01  1.99526231e+07  2.88916926e+01  1.99526231e+07  1.78357116e+02 
 2.51188643e+07 -2.78107570e+01  1.00422847e+00  2.51188643e+07  2.88899152e+01  2.51188643e+07  1.77931985e+02 
 3.16227766e+07 -2.77911589e+01  1.26343375e+00  3.16227766e+07  2.88870997e+01  3.16227766e+07  1.77397028e+02 
 3.98107171e+07 -2.77601489e+01  1.58894542e+00  3.98107171e+07  2.88826411e+01  3.98107171e+07  1.76724058e+02 
 5.01187234e+07 -2.77111291e+01  1.99713296e+00  5.01187234e+07  2.88755835e+01  5.01187234e+07  1.75877837e+02 
 6.30957344e+07 -2.76337569e+01  2.50782154e+00  6.30957344e+07  2.88644204e+01  6.30957344e+07  1.74814492e+02 
 7.94328235e+07 -2.75119252e+01  3.14443372e+00  7.94328235e+07  2.88467842e+01  7.94328235e+07  1.73479759e+02 
 1.00000000e+08 -2.73208065e+01  3.93347329e+00  1.00000000e+08  2.88189722e+01  1.00000000e+08  1.71807222e+02 
 1.25892541e+08 -2.70227575e+01  4.90260154e+00  1.25892541e+08  2.87752391e+01  1.25892541e+08  1.69716966e+02 
 1.58489319e+08 -2.65621959e+01  6.07600338e+00  1.58489319e+08  2.87067778e+01  1.58489319e+08  1.67115478e+02 
 1.99526231e+08 -2.58605064e+01  7.46507059e+00  1.99526231e+08  2.86003423e+01  1.99526231e+08  1.63898325e+02 
 2.51188643e+08 -2.48141654e+01  9.05217639e+00  2.51188643e+08  2.84365920e+01  2.51188643e+08  1.59958094e+02 
 3.16227766e+08 -2.33028590e+01  1.07670560e+01  3.16227766e+08  2.81885426e+01  3.16227766e+08  1.55200763e+02 
 3.98107171e+08 -2.12176818e+01  1.24618995e+01  3.98107171e+08  2.78210623e+01  3.98107171e+08  1.49572768e+02 
 5.01187234e+08 -1.85158043e+01  1.39040937e+01  5.01187234e+08  2.72929346e+01  5.01187234e+08  1.43095974e+02 
 6.30957344e+08 -1.52870497e+01  1.48155806e+01  6.30957344e+08  2.65628542e+01  6.30957344e+08  1.35897296e+02 
 7.94328235e+08 -1.17844004e+01  1.49698834e+01  7.94328235e+08  2.55987013e+01  7.94328235e+08  1.28210077e+02 
 1.00000000e+09 -8.36737311e+00  1.43011182e+01  1.00000000e+09  2.43859758e+01  1.00000000e+09  1.20331272e+02 
 1.25892541e+09 -5.37317598e+00  1.29406495e+01  1.25892541e+09  2.29298983e+01  1.25892541e+09  1.12549049e+02 
 1.58489319e+09 -3.00494056e+00  1.11494661e+01  1.58489319e+09  2.12496131e+01  1.58489319e+09  1.05083634e+02 
 1.99526231e+09 -1.30638082e+00  9.20716963e+00  1.99526231e+09  1.93690867e+01  1.99526231e+09  9.80756408e+01 
 2.51188643e+09 -2.07128066e-01  7.33498302e+00  2.51188643e+09  1.73114440e+01  2.51188643e+09  9.16175104e+01 
 3.16227766e+09  4.17460624e-01  5.67335940e+00  3.16227766e+09  1.51002569e+01  3.16227766e+09  8.57916110e+01 
 3.98107171e+09  7.04649694e-01  4.29049438e+00  3.98107171e+09  1.27657377e+01  3.98107171e+09  8.06732852e+01 
 5.01187234e+09  7.80667704e-01  3.19803015e+00  5.01187234e+09  1.03490262e+01  5.01187234e+09  7.62818730e+01 
 6.30957344e+09  7.46071681e-01  2.36768770e+00  6.30957344e+09  7.89761726e+00  6.30957344e+09  7.25100680e+01 
 7.94328235e+09  6.68451532e-01  1.74993837e+00  7.94328235e+09  5.45197200e+00  7.94328235e+09  6.90938553e+01 
 1.00000000e+10  5.84365589e-01  1.29169041e+00  1.00000000e+10  3.03184663e+00  1.00000000e+10  6.56578257e+01 
 1.25892541e+10  5.08029480e-01  9.47780441e-01  1.25892541e+10  6.31012164e-01  1.25892541e+10  6.18077917e+01 
 1.58489319e+10  4.41196441e-01  6.85053577e-01  1.58489319e+10 -1.77862857e+00  1.58489319e+10  5.72171679e+01 
 1.99526231e+10  3.80643735e-01  4.81658065e-01  1.99526231e+10 -4.23792133e+00  1.99526231e+10  5.16814611e+01 
 2.51188643e+10  3.22773704e-01  3.24424299e-01  2.51188643e+10 -6.78952833e+00  2.51188643e+10  4.51461252e+01 
 3.16227766e+10  2.66042141e-01  2.05720467e-01  3.16227766e+10 -9.46539962e+00  3.16227766e+10  3.77134441e+01 
 3.98107171e+10  2.11601621e-01  1.20302871e-01  3.98107171e+10 -1.22732611e+01  3.98107171e+10  2.96197343e+01 
 5.01187234e+10  1.62304179e-01  6.28795977e-02  5.01187234e+10 -1.51860768e+01  5.01187234e+10  2.11772759e+01 
 6.30957344e+10  1.20849820e-01  2.72391340e-02  6.30957344e+10 -1.81398643e+01  6.30957344e+10  1.27020081e+01 
 7.94328235e+10  8.84272319e-02  6.90298747e-03  7.94328235e+10 -2.10418938e+01  7.94328235e+10  4.46368781e+00 
 1.00000000e+11  6.45543302e-02 -3.75577025e-03  1.00000000e+11 -2.37868168e+01  1.00000000e+11 -3.32971430e+00 
